5	-0.5774	-0.5774	0.5774
5	-0.5774	-0.5774	0.5774
5	-0.5774	-0.5774	0.5774
5	-0.5774	-0.5774	0.5774
5	-0.5774	-0.5774	0.5774
5	-0.5774	-0.5774	0.5774
5	-0.5774	-0.5774	0.5774
5	-0.5774	-0.5774	0.5774
5	-0.5774	-0.5774	0.5774
5	-0.5774	-0.5774	0.5774
5	-0.5774	-0.5774	0.5774
5	-0.5774	-0.5774	0.5774
5	-0.5774	-0.5774	0.5774
5	-0.5774	-0.5774	0.5774
5	-0.5774	-0.5774	0.5774
500	0.9565	0.2461	0.1564
500	-0.2975	0.8349	0.4630
500	0.5352	-0.7798	0.3248
500	-0.6723	-0.6225	-0.4007
505	0.0116	-0.4936	0.8696
505	-0.4998	0.0044	0.8661
995	-0.8883	-0.3014	-0.3465
995	0.3073	0.4434	-0.8420
995	0.5677	-0.6363	-0.5223
995	0.3393	0.8657	-0.3681
995	0.1900	-0.2257	-0.9555
995	0.8259	0.4760	-0.3021
995	-0.0465	-0.7810	-0.6228
995	-0.7866	0.2859	-0.5474
995	0.7424	-0.0470	-0.6683
995	-0.3002	0.2683	-0.9154
995	0.0852	-0.5864	-0.8056
995	0.1920	-0.0132	-0.9813
995	-0.8884	0.0337	-0.4579
995	0.6923	0.3386	-0.6373
995	-0.4062	0.0765	-0.9106
995	0.1028	0.6262	-0.7729
995	0.7038	-0.3216	-0.6334
1000	0.1449	-0.9878	-0.0577
1000	-0.9792	0.1592	0.1256
1000	-0.5352	-0.8126	-0.2305
1000	0.7134	-0.6956	0.0852
1000	0.8204	0.5574	0.1278
1000	0.1697	-0.9535	0.2492
1000	0.2029	0.9301	0.3061
1000	-0.4228	0.8456	0.3258
1000	0.4669	0.8417	-0.2711
1000	-0.8380	0.5453	-0.0202
1000	-0.9848	-0.0326	0.1706
1005	0.4579	0.3388	0.8219
1005	0.2716	-0.7823	0.5605
1005	0.5385	-0.5978	0.5938
1005	0.5352	0.4916	0.6869
1990	-0.6306	-0.3376	-0.6989
1990	0.2648	0.1570	-0.9514
1990	-0.1843	0.4060	-0.8951
1990	0.0871	-0.4375	-0.8950
1990	-0.3793	-0.1600	-0.9114
1995	-0.1867	0.8942	-0.4069
1995	-0.7253	0.6342	-0.2679
1995	-0.4696	-0.7918	-0.3905
1995	-0.8045	0.1354	-0.5784
1995	0.2742	-0.7557	-0.5948
1995	0.9031	0.3006	-0.3068
1995	0.5009	-0.8531	-0.1462
1995	-0.9029	0.3765	-0.2074
1995	0.4182	-0.7316	-0.5384
1995	0.6112	0.4903	-0.6214
1995	0.8554	-0.4117	-0.3144
1995	0.1522	0.7779	-0.6097
2000	0.8957	0.3918	0.2105
2000	0.9777	-0.2077	0.0322
2000	-0.5905	-0.7901	0.1644
2000	0.0659	0.9940	0.0870
2000	0.9395	0.1515	0.3073
2000	-0.8223	-0.5649	0.0681
2000	-0.4432	-0.8941	0.0648
2000	-0.5802	0.8142	0.0183
2000	-0.9390	-0.1128	0.3249
2000	0.0563	-0.9947	0.0860
2005	-0.3161	-0.7276	0.6089
2005	0.1418	0.5519	0.8218
2005	0.4031	-0.5145	0.7568
2005	-0.7866	0.3927	0.4765
2005	-0.6838	-0.1670	0.7103
2005	0.1320	0.8695	0.4759
2005	0.6817	-0.2316	0.6940
2005	0.5980	0.5706	0.5629
2005	-0.6439	0.1682	0.7464
2005	0.4409	-0.7452	0.5004
2010	-0.3477	0.2835	0.8937
2010	-0.1829	-0.3149	0.9313
2010	0.2455	0.0175	0.9692
2985	-0.0701	-0.3906	-0.9179
2985	-0.2416	0.1477	-0.9591
2985	0.3379	0.0029	-0.9412
2990	0.5483	-0.4776	-0.6865
2990	0.4210	0.5030	-0.7548
2990	0.1304	-0.8405	-0.5258
2990	-0.7966	-0.3534	-0.4905
2990	0.2468	-0.6370	-0.7302
2990	-0.1000	0.6197	-0.7784
2990	-0.3204	-0.8198	-0.4746
2990	0.8042	0.3162	-0.5033
2990	-0.6302	0.4701	-0.6179
2990	-0.2564	-0.4482	-0.8564
2990	-0.5603	-0.0029	-0.8283
2995	-0.6204	0.6756	-0.3984
2995	0.7236	0.6250	-0.2930
2995	-0.8830	0.2267	-0.4110
2995	-0.9480	0.2292	-0.2208
2995	-0.6072	0.7751	-0.1748
2995	0.9122	-0.2201	-0.3457
3000	0.7677	0.5827	0.2664
3000	-0.6360	0.7473	0.1925
3000	0.3096	0.9426	0.1256
3000	-0.9264	0.3278	0.1853
3000	0.2329	-0.9691	0.0812
3000	0.9877	0.1557	0.0139
3000	0.0250	-0.9493	0.3134
3000	-0.9502	-0.3114	0.0123
3000	-0.1396	0.9668	0.2141
3000	-0.6068	-0.7944	-0.0281
3000	-0.6564	0.6688	0.3491
3005	0.2295	-0.6534	0.7214
3005	0.6670	0.1380	0.7321
3005	-0.8051	-0.0848	0.5871
3005	0.4039	0.6623	0.6310
3005	-0.1977	-0.8701	0.4516
3005	-0.4377	-0.7584	0.4829
3010	-0.5210	0.2037	0.8289
3010	0.0546	-0.0570	0.9969
3010	-0.3950	-0.3236	0.8598
3985	0.0922	0.1380	-0.9861
3985	-0.6604	0.0748	-0.7472
3985	0.0239	0.3585	-0.9332
3985	-0.5361	0.1938	-0.8216
3985	-0.1463	-0.1898	-0.9709
3990	-0.6889	0.5586	-0.4620
3990	0.7358	0.4961	-0.4610
3990	0.6681	-0.5046	-0.5468
3990	-0.7034	-0.4629	-0.5394
3990	0.0431	0.8616	-0.5057
3990	0.4381	-0.6073	-0.6628
3990	-0.2792	-0.6288	-0.7257
3990	0.0514	-0.9064	-0.4193
3990	0.8675	-0.0719	-0.4922
3995	0.2266	-0.9169	-0.3285
3995	-0.8925	-0.4502	-0.0285
3995	-0.3288	0.9159	-0.2304
3995	-0.9571	0.0801	-0.2786
3995	0.1714	0.9354	-0.3093
3995	0.9024	0.3987	-0.1637
3995	0.8180	-0.5428	-0.1904
4000	0.4693	0.8765	0.1072
4000	-0.7546	0.6518	0.0752
4000	-0.9520	0.0698	0.2979
4000	0.9862	0.0129	0.1653
4000	0.4111	-0.9115	0.0168
4000	0.2187	0.9758	-0.0033
4000	0.6522	0.7098	0.2663
4005	0.2183	0.7649	0.6060
4005	0.3975	-0.6690	0.6280
4005	0.7532	0.2475	0.6094
4005	-0.5698	-0.7362	0.3651
4005	0.8180	-0.4578	0.3483
4010	0.2578	-0.5265	0.8102
4010	-0.2436	0.4673	0.8499
4010	0.2743	0.2829	0.9191
4010	-0.2861	-0.6168	0.7333
4010	-0.6268	-0.0211	0.7789
4010	-0.5517	-0.3648	0.7500
4010	-0.3944	0.1425	0.9078
5975	0.1654	-0.2162	-0.9622
5980	-0.5223	-0.1915	-0.8310
5980	-0.4013	0.3601	-0.8422
5980	0.1539	0.4918	-0.8570
5980	0.4354	0.1710	-0.8839
5980	0.0278	-0.2653	-0.9638
5985	0.4109	-0.4296	-0.8041
5985	-0.1181	0.8274	-0.5491
5985	0.5709	0.1748	-0.8022
5985	-0.0126	0.7300	-0.6834
5985	0.1169	-0.7402	-0.6621
5985	-0.7847	-0.0394	-0.6186
5985	-0.5562	0.3924	-0.7326
5990	0.6235	0.6137	-0.4844
5990	-0.5169	-0.6900	-0.5066
5990	-0.8144	-0.4676	-0.3438
5990	0.7635	-0.5488	-0.3404
5990	-0.3559	-0.8811	-0.3114
5990	-0.1772	-0.9619	0.2082
5990	0.8722	0.1569	-0.4633
5995	0.7362	0.6742	0.0589
5995	0.2960	0.9379	-0.1809
5995	0.9204	-0.3908	-0.0064
6000	-0.9653	-0.2041	0.1630
6000	0.0171	0.9647	0.2629
6000	0.4756	-0.8655	0.1574
6000	-0.3370	0.9234	0.1840
6000	-0.7218	-0.6788	0.1352
6000	0.8306	-0.5211	0.1963
6005	0.7618	-0.4239	0.4899
6005	-0.5343	0.7576	0.3749
6005	0.8840	0.1426	0.4451
6005	-0.8260	0.2228	0.5178
6005	0.9590	-0.2042	0.1963
6005	-0.4920	-0.6284	0.6026
6005	0.4014	-0.8413	0.3621
6010	0.0566	0.6614	0.7479
6010	-0.5676	0.3377	0.7509
6010	0.4105	0.4864	0.7713
6015	0.1084	-0.2398	0.9647
